0.0000000000000000000000000000000000000000000000000000000000000000000000
0.0000000000000000000000000000000000000000000000000000000000000000000000
0.0042419433593750000000000000000000000000000000000000000000000000000000
0.0959014892578125000000000000000000000000000000000000000000000000000000
-0.0070037841796875000000000000000000000000000000000000000000000000000000
-0.0058898925781250000000000000000000000000000000000000000000000000000000
0.0201721191406250000000000000000000000000000000000000000000000000000000
-0.0132141113281250000000000000000000000000000000000000000000000000000000
-0.0034027099609375000000000000000000000000000000000000000000000000000000
-0.0068969726562500000000000000000000000000000000000000000000000000000000
-0.0779266357421875000000000000000000000000000000000000000000000000000000
-0.0130767822265625000000000000000000000000000000000000000000000000000000
0.0229949951171875000000000000000000000000000000000000000000000000000000
-0.0245361328125000000000000000000000000000000000000000000000000000000000
-0.0071258544921875000000000000000000000000000000000000000000000000000000
0.0354461669921875000000000000000000000000000000000000000000000000000000
-0.0263824462890625000000000000000000000000000000000000000000000000000000
0.0034790039062500000000000000000000000000000000000000000000000000000000
0.1477050781250000000000000000000000000000000000000000000000000000000000
-0.0379028320312500000000000000000000000000000000000000000000000000000000
0.0621185302734375000000000000000000000000000000000000000000000000000000
-0.0004425048828125000000000000000000000000000000000000000000000000000000
-0.0043487548828125000000000000000000000000000000000000000000000000000000
-0.0145263671875000000000000000000000000000000000000000000000000000000000
0.0039825439453125000000000000000000000000000000000000000000000000000000
0.0000000000000000000000000000000000000000000000000000000000000000000000
0.0090026855468750000000000000000000000000000000000000000000000000000000
-0.0123596191406250000000000000000000000000000000000000000000000000000000
0.0140075683593750000000000000000000000000000000000000000000000000000000
0.0614318847656250000000000000000000000000000000000000000000000000000000
0.0189971923828125000000000000000000000000000000000000000000000000000000
0.0357513427734375000000000000000000000000000000000000000000000000000000
-0.0126800537109375000000000000000000000000000000000000000000000000000000
0.1425781250000000000000000000000000000000000000000000000000000000000000
-0.1017303466796875000000000000000000000000000000000000000000000000000000
0.1233825683593750000000000000000000000000000000000000000000000000000000
-0.0823364257812500000000000000000000000000000000000000000000000000000000
0.0433197021484375000000000000000000000000000000000000000000000000000000
-0.0494232177734375000000000000000000000000000000000000000000000000000000
0.0116882324218750000000000000000000000000000000000000000000000000000000
-0.0188140869140625000000000000000000000000000000000000000000000000000000
-0.2054443359375000000000000000000000000000000000000000000000000000000000
0.1279296875000000000000000000000000000000000000000000000000000000000000
-0.0935516357421875000000000000000000000000000000000000000000000000000000
0.0350952148437500000000000000000000000000000000000000000000000000000000
-0.0477752685546875000000000000000000000000000000000000000000000000000000
0.0105438232421875000000000000000000000000000000000000000000000000000000
-0.0148468017578125000000000000000000000000000000000000000000000000000000
0.1342468261718750000000000000000000000000000000000000000000000000000000
-0.0913238525390625000000000000000000000000000000000000000000000000000000
-0.0068817138671875000000000000000000000000000000000000000000000000000000
0.1503601074218750000000000000000000000000000000000000000000000000000000
-0.0668029785156250000000000000000000000000000000000000000000000000000000
-0.0449218750000000000000000000000000000000000000000000000000000000000000
0.0901641845703125000000000000000000000000000000000000000000000000000000
0.0272216796875000000000000000000000000000000000000000000000000000000000
-0.0501556396484375000000000000000000000000000000000000000000000000000000
-0.0129699707031250000000000000000000000000000000000000000000000000000000
-0.0155334472656250000000000000000000000000000000000000000000000000000000
0.1099548339843750000000000000000000000000000000000000000000000000000000
-0.0473632812500000000000000000000000000000000000000000000000000000000000
-0.1432800292968750000000000000000000000000000000000000000000000000000000
-0.0510406494140625000000000000000000000000000000000000000000000000000000
0.0014801025390625000000000000000000000000000000000000000000000000000000
-0.3032379150390625000000000000000000000000000000000000000000000000000000
0.0769042968750000000000000000000000000000000000000000000000000000000000
-0.0837402343750000000000000000000000000000000000000000000000000000000000
0.0469970703125000000000000000000000000000000000000000000000000000000000
-0.0092620849609375000000000000000000000000000000000000000000000000000000
-0.0314025878906250000000000000000000000000000000000000000000000000000000
-0.1124877929687500000000000000000000000000000000000000000000000000000000
-0.0877532958984375000000000000000000000000000000000000000000000000000000
-0.0362548828125000000000000000000000000000000000000000000000000000000000
-0.0878753662109375000000000000000000000000000000000000000000000000000000
-0.0370178222656250000000000000000000000000000000000000000000000000000000
-0.0372772216796875000000000000000000000000000000000000000000000000000000
0.1040954589843750000000000000000000000000000000000000000000000000000000
0.0696105957031250000000000000000000000000000000000000000000000000000000
-0.0286254882812500000000000000000000000000000000000000000000000000000000
0.0309448242187500000000000000000000000000000000000000000000000000000000
0.1371459960937500000000000000000000000000000000000000000000000000000000
-0.1420288085937500000000000000000000000000000000000000000000000000000000
-0.1688842773437500000000000000000000000000000000000000000000000000000000
0.0657806396484375000000000000000000000000000000000000000000000000000000
0.0931701660156250000000000000000000000000000000000000000000000000000000
-0.0935363769531250000000000000000000000000000000000000000000000000000000
0.0000000000000000000000000000000000000000000000000000000000000000000000
0.0345458984375000000000000000000000000000000000000000000000000000000000
-0.0373687744140625000000000000000000000000000000000000000000000000000000
0.0033111572265625000000000000000000000000000000000000000000000000000000
-0.0458679199218750000000000000000000000000000000000000000000000000000000
-0.0574798583984375000000000000000000000000000000000000000000000000000000
0.0514678955078125000000000000000000000000000000000000000000000000000000
0.0419616699218750000000000000000000000000000000000000000000000000000000
-0.0218505859375000000000000000000000000000000000000000000000000000000000
0.0137786865234375000000000000000000000000000000000000000000000000000000
0.0155181884765625000000000000000000000000000000000000000000000000000000
-0.0350341796875000000000000000000000000000000000000000000000000000000000
0.0432281494140625000000000000000000000000000000000000000000000000000000
0.2030181884765625000000000000000000000000000000000000000000000000000000
-0.0403289794921875000000000000000000000000000000000000000000000000000000
0.0163421630859375000000000000000000000000000000000000000000000000000000
-0.1287536621093750000000000000000000000000000000000000000000000000000000
0.0010986328125000000000000000000000000000000000000000000000000000000000
0.1106262207031250000000000000000000000000000000000000000000000000000000
0.0849609375000000000000000000000000000000000000000000000000000000000000
-0.1613922119140625000000000000000000000000000000000000000000000000000000
-0.0044860839843750000000000000000000000000000000000000000000000000000000
-0.1313323974609375000000000000000000000000000000000000000000000000000000
0.0000000000000000000000000000000000000000000000000000000000000000000000
-0.0909118652343750000000000000000000000000000000000000000000000000000000
-0.0568847656250000000000000000000000000000000000000000000000000000000000
-0.0539245605468750000000000000000000000000000000000000000000000000000000
-0.0395507812500000000000000000000000000000000000000000000000000000000000
0.0411987304687500000000000000000000000000000000000000000000000000000000
-0.0521087646484375000000000000000000000000000000000000000000000000000000
0.1125640869140625000000000000000000000000000000000000000000000000000000
-0.0640411376953125000000000000000000000000000000000000000000000000000000
-0.0608367919921875000000000000000000000000000000000000000000000000000000
0.1033935546875000000000000000000000000000000000000000000000000000000000
-0.0241394042968750000000000000000000000000000000000000000000000000000000
0.0813446044921875000000000000000000000000000000000000000000000000000000
-0.0664825439453125000000000000000000000000000000000000000000000000000000
0.0910797119140625000000000000000000000000000000000000000000000000000000
-0.0148773193359375000000000000000000000000000000000000000000000000000000
0.0203704833984375000000000000000000000000000000000000000000000000000000
0.0080718994140625000000000000000000000000000000000000000000000000000000
-0.0659027099609375000000000000000000000000000000000000000000000000000000
0.0309295654296875000000000000000000000000000000000000000000000000000000
0.0079956054687500000000000000000000000000000000000000000000000000000000
-0.0328674316406250000000000000000000000000000000000000000000000000000000
0.0270385742187500000000000000000000000000000000000000000000000000000000
0.0000000000000000000000000000000000000000000000000000000000000000000000
-0.0540618896484375000000000000000000000000000000000000000000000000000000
0.0648040771484375000000000000000000000000000000000000000000000000000000
0.0087738037109375000000000000000000000000000000000000000000000000000000
-0.0432434082031250000000000000000000000000000000000000000000000000000000
0.0355682373046875000000000000000000000000000000000000000000000000000000
-0.0064086914062500000000000000000000000000000000000000000000000000000000
0.0061645507812500000000000000000000000000000000000000000000000000000000
0.0413208007812500000000000000000000000000000000000000000000000000000000
0.0179443359375000000000000000000000000000000000000000000000000000000000
0.0600585937500000000000000000000000000000000000000000000000000000000000
0.0397644042968750000000000000000000000000000000000000000000000000000000
0.0377960205078125000000000000000000000000000000000000000000000000000000
0.0531158447265625000000000000000000000000000000000000000000000000000000
0.0353088378906250000000000000000000000000000000000000000000000000000000
0.0153656005859375000000000000000000000000000000000000000000000000000000
0.1125640869140625000000000000000000000000000000000000000000000000000000
0.0178985595703125000000000000000000000000000000000000000000000000000000
-0.0286102294921875000000000000000000000000000000000000000000000000000000
0.0910644531250000000000000000000000000000000000000000000000000000000000
0.0140686035156250000000000000000000000000000000000000000000000000000000
0.0111846923828125000000000000000000000000000000000000000000000000000000
0.0016326904296875000000000000000000000000000000000000000000000000000000
0.0596466064453125000000000000000000000000000000000000000000000000000000
-0.0044403076171875000000000000000000000000000000000000000000000000000000
0.0219421386718750000000000000000000000000000000000000000000000000000000
-0.1551666259765625000000000000000000000000000000000000000000000000000000
0.0893707275390625000000000000000000000000000000000000000000000000000000
-0.1009826660156250000000000000000000000000000000000000000000000000000000
0.0185699462890625000000000000000000000000000000000000000000000000000000
-0.0302276611328125000000000000000000000000000000000000000000000000000000
0.2722473144531250000000000000000000000000000000000000000000000000000000
-0.1090698242187500000000000000000000000000000000000000000000000000000000
0.1770019531250000000000000000000000000000000000000000000000000000000000
-0.0321044921875000000000000000000000000000000000000000000000000000000000
-0.0655975341796875000000000000000000000000000000000000000000000000000000
0.0281372070312500000000000000000000000000000000000000000000000000000000
-0.0160217285156250000000000000000000000000000000000000000000000000000000
0.0059204101562500000000000000000000000000000000000000000000000000000000
0.0611877441406250000000000000000000000000000000000000000000000000000000
-0.0273284912109375000000000000000000000000000000000000000000000000000000
0.0091705322265625000000000000000000000000000000000000000000000000000000
0.0670928955078125000000000000000000000000000000000000000000000000000000
0.0201568603515625000000000000000000000000000000000000000000000000000000
-0.0985717773437500000000000000000000000000000000000000000000000000000000
0.0243835449218750000000000000000000000000000000000000000000000000000000
-0.0157928466796875000000000000000000000000000000000000000000000000000000
0.1305541992187500000000000000000000000000000000000000000000000000000000
-0.0181579589843750000000000000000000000000000000000000000000000000000000
-0.0390930175781250000000000000000000000000000000000000000000000000000000
-0.0496520996093750000000000000000000000000000000000000000000000000000000
-0.0813598632812500000000000000000000000000000000000000000000000000000000
-0.1075439453125000000000000000000000000000000000000000000000000000000000
-0.0108947753906250000000000000000000000000000000000000000000000000000000
-0.0864715576171875000000000000000000000000000000000000000000000000000000
0.1220397949218750000000000000000000000000000000000000000000000000000000
0.1075439453125000000000000000000000000000000000000000000000000000000000
-0.0558929443359375000000000000000000000000000000000000000000000000000000
0.0643463134765625000000000000000000000000000000000000000000000000000000
0.0096740722656250000000000000000000000000000000000000000000000000000000
0.0288238525390625000000000000000000000000000000000000000000000000000000
0.0000000000000000000000000000000000000000000000000000000000000000000000
-0.0842742919921875000000000000000000000000000000000000000000000000000000
0.1337738037109375000000000000000000000000000000000000000000000000000000
0.0193481445312500000000000000000000000000000000000000000000000000000000
-0.0260772705078125000000000000000000000000000000000000000000000000000000
-0.0152130126953125000000000000000000000000000000000000000000000000000000
0.0026550292968750000000000000000000000000000000000000000000000000000000
0.1055908203125000000000000000000000000000000000000000000000000000000000
-0.1809539794921875000000000000000000000000000000000000000000000000000000
0.0200347900390625000000000000000000000000000000000000000000000000000000
0.0655364990234375000000000000000000000000000000000000000000000000000000
-0.0594482421875000000000000000000000000000000000000000000000000000000000
0.0162963867187500000000000000000000000000000000000000000000000000000000
0.0373229980468750000000000000000000000000000000000000000000000000000000
-0.1009979248046875000000000000000000000000000000000000000000000000000000
0.0130767822265625000000000000000000000000000000000000000000000000000000
-0.0113677978515625000000000000000000000000000000000000000000000000000000
-0.0476226806640625000000000000000000000000000000000000000000000000000000
0.0706329345703125000000000000000000000000000000000000000000000000000000
0.0499877929687500000000000000000000000000000000000000000000000000000000
0.0744476318359375000000000000000000000000000000000000000000000000000000
-0.0415649414062500000000000000000000000000000000000000000000000000000000
0.0256500244140625000000000000000000000000000000000000000000000000000000
0.0000000000000000000000000000000000000000000000000000000000000000000000
-0.0401153564453125000000000000000000000000000000000000000000000000000000
-0.0905609130859375000000000000000000000000000000000000000000000000000000
0.1668853759765625000000000000000000000000000000000000000000000000000000
-0.0547790527343750000000000000000000000000000000000000000000000000000000
-0.1019134521484375000000000000000000000000000000000000000000000000000000
-0.0356903076171875000000000000000000000000000000000000000000000000000000
0.0200958251953125000000000000000000000000000000000000000000000000000000
0.1845703125000000000000000000000000000000000000000000000000000000000000
0.0495300292968750000000000000000000000000000000000000000000000000000000
-0.0867767333984375000000000000000000000000000000000000000000000000000000
0.0989227294921875000000000000000000000000000000000000000000000000000000
-0.1999053955078125000000000000000000000000000000000000000000000000000000
0.0762786865234375000000000000000000000000000000000000000000000000000000
0.1168975830078125000000000000000000000000000000000000000000000000000000
0.0254974365234375000000000000000000000000000000000000000000000000000000
0.0192260742187500000000000000000000000000000000000000000000000000000000
-0.0016479492187500000000000000000000000000000000000000000000000000000000
0.0176239013671875000000000000000000000000000000000000000000000000000000
-0.0579223632812500000000000000000000000000000000000000000000000000000000
0.1440277099609375000000000000000000000000000000000000000000000000000000
-0.1253967285156250000000000000000000000000000000000000000000000000000000
-0.0409393310546875000000000000000000000000000000000000000000000000000000
0.0000000000000000000000000000000000000000000000000000000000000000000000
-0.0501556396484375000000000000000000000000000000000000000000000000000000
0.0514526367187500000000000000000000000000000000000000000000000000000000
0.0093078613281250000000000000000000000000000000000000000000000000000000
0.0104675292968750000000000000000000000000000000000000000000000000000000
-0.0507354736328125000000000000000000000000000000000000000000000000000000
-0.0897064208984375000000000000000000000000000000000000000000000000000000
0.1024780273437500000000000000000000000000000000000000000000000000000000
-0.0646362304687500000000000000000000000000000000000000000000000000000000
0.0290985107421875000000000000000000000000000000000000000000000000000000
-0.0313720703125000000000000000000000000000000000000000000000000000000000
0.0308380126953125000000000000000000000000000000000000000000000000000000
0.0174102783203125000000000000000000000000000000000000000000000000000000
-0.0350646972656250000000000000000000000000000000000000000000000000000000
0.0195465087890625000000000000000000000000000000000000000000000000000000
-0.0023193359375000000000000000000000000000000000000000000000000000000000
-0.0829925537109375000000000000000000000000000000000000000000000000000000
0.0525054931640625000000000000000000000000000000000000000000000000000000
0.0316162109375000000000000000000000000000000000000000000000000000000000
-0.0489654541015625000000000000000000000000000000000000000000000000000000
0.0255432128906250000000000000000000000000000000000000000000000000000000
0.0239410400390625000000000000000000000000000000000000000000000000000000
-0.0348968505859375000000000000000000000000000000000000000000000000000000
0.0000000000000000000000000000000000000000000000000000000000000000000000
-0.0569610595703125000000000000000000000000000000000000000000000000000000
-0.0825195312500000000000000000000000000000000000000000000000000000000000
-0.0061340332031250000000000000000000000000000000000000000000000000000000
-0.0763397216796875000000000000000000000000000000000000000000000000000000
-0.0225982666015625000000000000000000000000000000000000000000000000000000
-0.0581512451171875000000000000000000000000000000000000000000000000000000
0.0126953125000000000000000000000000000000000000000000000000000000000000
-0.1730346679687500000000000000000000000000000000000000000000000000000000
-0.0638885498046875000000000000000000000000000000000000000000000000000000
-0.0724792480468750000000000000000000000000000000000000000000000000000000
-0.0463867187500000000000000000000000000000000000000000000000000000000000
-0.0697631835937500000000000000000000000000000000000000000000000000000000
-0.0710906982421875000000000000000000000000000000000000000000000000000000
-0.0368499755859375000000000000000000000000000000000000000000000000000000
-0.0198364257812500000000000000000000000000000000000000000000000000000000
-0.1025695800781250000000000000000000000000000000000000000000000000000000
0.0699920654296875000000000000000000000000000000000000000000000000000000
-0.1069335937500000000000000000000000000000000000000000000000000000000000
0.1395568847656250000000000000000000000000000000000000000000000000000000
-0.0890197753906250000000000000000000000000000000000000000000000000000000
-0.0173034667968750000000000000000000000000000000000000000000000000000000
0.0007019042968750000000000000000000000000000000000000000000000000000000
0.1750640869140625000000000000000000000000000000000000000000000000000000
-0.0398406982421875000000000000000000000000000000000000000000000000000000
-0.0295715332031250000000000000000000000000000000000000000000000000000000
0.0449981689453125000000000000000000000000000000000000000000000000000000
-0.0439605712890625000000000000000000000000000000000000000000000000000000
0.0064086914062500000000000000000000000000000000000000000000000000000000
-0.0589904785156250000000000000000000000000000000000000000000000000000000
0.0336456298828125000000000000000000000000000000000000000000000000000000
-0.0963287353515625000000000000000000000000000000000000000000000000000000
0.0708770751953125000000000000000000000000000000000000000000000000000000
-0.0299835205078125000000000000000000000000000000000000000000000000000000
-0.1717834472656250000000000000000000000000000000000000000000000000000000
-0.0396118164062500000000000000000000000000000000000000000000000000000000
0.0642547607421875000000000000000000000000000000000000000000000000000000
-0.0149230957031250000000000000000000000000000000000000000000000000000000
-0.0128631591796875000000000000000000000000000000000000000000000000000000
-0.0390014648437500000000000000000000000000000000000000000000000000000000
0.0626678466796875000000000000000000000000000000000000000000000000000000
-0.0730590820312500000000000000000000000000000000000000000000000000000000
0.0008392333984375000000000000000000000000000000000000000000000000000000
-0.0163116455078125000000000000000000000000000000000000000000000000000000
0.0808105468750000000000000000000000000000000000000000000000000000000000
0.1073913574218750000000000000000000000000000000000000000000000000000000
0.1097106933593750000000000000000000000000000000000000000000000000000000
-0.1618652343750000000000000000000000000000000000000000000000000000000000
0.0011138916015625000000000000000000000000000000000000000000000000000000
-0.1323394775390625000000000000000000000000000000000000000000000000000000
-0.0276489257812500000000000000000000000000000000000000000000000000000000
-0.1237945556640625000000000000000000000000000000000000000000000000000000
0.1553192138671875000000000000000000000000000000000000000000000000000000
0.0212707519531250000000000000000000000000000000000000000000000000000000
0.0648651123046875000000000000000000000000000000000000000000000000000000
-0.0013732910156250000000000000000000000000000000000000000000000000000000
0.0543212890625000000000000000000000000000000000000000000000000000000000
0.0542907714843750000000000000000000000000000000000000000000000000000000
0.0231475830078125000000000000000000000000000000000000000000000000000000
-0.1434936523437500000000000000000000000000000000000000000000000000000000
-0.0311279296875000000000000000000000000000000000000000000000000000000000
0.0000000000000000000000000000000000000000000000000000000000000000000000
0.0340576171875000000000000000000000000000000000000000000000000000000000
-0.0135040283203125000000000000000000000000000000000000000000000000000000
0.0560760498046875000000000000000000000000000000000000000000000000000000
-0.0443115234375000000000000000000000000000000000000000000000000000000000
-0.0538177490234375000000000000000000000000000000000000000000000000000000
-0.0060119628906250000000000000000000000000000000000000000000000000000000
0.0004425048828125000000000000000000000000000000000000000000000000000000
0.0094757080078125000000000000000000000000000000000000000000000000000000
0.0330047607421875000000000000000000000000000000000000000000000000000000
-0.0171051025390625000000000000000000000000000000000000000000000000000000
-0.0418395996093750000000000000000000000000000000000000000000000000000000
-0.0658721923828125000000000000000000000000000000000000000000000000000000
0.0740203857421875000000000000000000000000000000000000000000000000000000
-0.0684967041015625000000000000000000000000000000000000000000000000000000
-0.0155029296875000000000000000000000000000000000000000000000000000000000
-0.0937194824218750000000000000000000000000000000000000000000000000000000
0.2104187011718750000000000000000000000000000000000000000000000000000000
-0.1904907226562500000000000000000000000000000000000000000000000000000000
0.1194915771484375000000000000000000000000000000000000000000000000000000
-0.0755767822265625000000000000000000000000000000000000000000000000000000
0.0241546630859375000000000000000000000000000000000000000000000000000000
-0.0395965576171875000000000000000000000000000000000000000000000000000000
0.0000000000000000000000000000000000000000000000000000000000000000000000
-0.1388549804687500000000000000000000000000000000000000000000000000000000
-0.0817413330078125000000000000000000000000000000000000000000000000000000
0.0236816406250000000000000000000000000000000000000000000000000000000000
0.0106811523437500000000000000000000000000000000000000000000000000000000
0.0716094970703125000000000000000000000000000000000000000000000000000000
0.0628814697265625000000000000000000000000000000000000000000000000000000
-0.0535888671875000000000000000000000000000000000000000000000000000000000
-0.0455017089843750000000000000000000000000000000000000000000000000000000
-0.1001586914062500000000000000000000000000000000000000000000000000000000
0.2504425048828125000000000000000000000000000000000000000000000000000000
-0.1518096923828125000000000000000000000000000000000000000000000000000000
-0.0490722656250000000000000000000000000000000000000000000000000000000000
0.0416259765625000000000000000000000000000000000000000000000000000000000
-0.0599822998046875000000000000000000000000000000000000000000000000000000
-0.0270996093750000000000000000000000000000000000000000000000000000000000
-0.0911712646484375000000000000000000000000000000000000000000000000000000
0.0304107666015625000000000000000000000000000000000000000000000000000000
-0.0894622802734375000000000000000000000000000000000000000000000000000000
-0.1002807617187500000000000000000000000000000000000000000000000000000000
0.1332702636718750000000000000000000000000000000000000000000000000000000
-0.0890808105468750000000000000000000000000000000000000000000000000000000
0.0460968017578125000000000000000000000000000000000000000000000000000000
0.0000000000000000000000000000000000000000000000000000000000000000000000
-0.0065307617187500000000000000000000000000000000000000000000000000000000
0.0040588378906250000000000000000000000000000000000000000000000000000000
-0.0145721435546875000000000000000000000000000000000000000000000000000000
0.0124053955078125000000000000000000000000000000000000000000000000000000
-0.0251159667968750000000000000000000000000000000000000000000000000000000
-0.0036468505859375000000000000000000000000000000000000000000000000000000
-0.0068206787109375000000000000000000000000000000000000000000000000000000
-0.0459899902343750000000000000000000000000000000000000000000000000000000
0.0221710205078125000000000000000000000000000000000000000000000000000000
0.0229339599609375000000000000000000000000000000000000000000000000000000
-0.0293273925781250000000000000000000000000000000000000000000000000000000
-0.0066375732421875000000000000000000000000000000000000000000000000000000
0.0323486328125000000000000000000000000000000000000000000000000000000000
-0.0262145996093750000000000000000000000000000000000000000000000000000000
0.0033874511718750000000000000000000000000000000000000000000000000000000
0.0855407714843750000000000000000000000000000000000000000000000000000000
0.0119323730468750000000000000000000000000000000000000000000000000000000
0.1131134033203125000000000000000000000000000000000000000000000000000000
0.0145263671875000000000000000000000000000000000000000000000000000000000
-0.0014953613281250000000000000000000000000000000000000000000000000000000
-0.0158386230468750000000000000000000000000000000000000000000000000000000
0.0042877197265625000000000000000000000000000000000000000000000000000000
0.0000000000000000000000000000000000000000000000000000000000000000000000
0.0852508544921875000000000000000000000000000000000000000000000000000000
0.0704956054687500000000000000000000000000000000000000000000000000000000
0.0223999023437500000000000000000000000000000000000000000000000000000000
0.0835876464843750000000000000000000000000000000000000000000000000000000
0.0145874023437500000000000000000000000000000000000000000000000000000000
0.0382385253906250000000000000000000000000000000000000000000000000000000
-0.0127868652343750000000000000000000000000000000000000000000000000000000
-0.0063781738281250000000000000000000000000000000000000000000000000000000
-0.0510711669921875000000000000000000000000000000000000000000000000000000
0.0313720703125000000000000000000000000000000000000000000000000000000000
-0.0156860351562500000000000000000000000000000000000000000000000000000000
0.0591278076171875000000000000000000000000000000000000000000000000000000
-0.0763702392578125000000000000000000000000000000000000000000000000000000
0.0167694091796875000000000000000000000000000000000000000000000000000000
-0.0193176269531250000000000000000000000000000000000000000000000000000000
-0.0610809326171875000000000000000000000000000000000000000000000000000000
0.0284423828125000000000000000000000000000000000000000000000000000000000
-0.0345458984375000000000000000000000000000000000000000000000000000000000
-0.0123291015625000000000000000000000000000000000000000000000000000000000
-0.0379028320312500000000000000000000000000000000000000000000000000000000
0.0124053955078125000000000000000000000000000000000000000000000000000000
-0.0181427001953125000000000000000000000000000000000000000000000000000000
0.1525726318359375000000000000000000000000000000000000000000000000000000
-0.0628662109375000000000000000000000000000000000000000000000000000000000
-0.0173187255859375000000000000000000000000000000000000000000000000000000
0.2049865722656250000000000000000000000000000000000000000000000000000000
-0.0312194824218750000000000000000000000000000000000000000000000000000000
-0.0319061279296875000000000000000000000000000000000000000000000000000000
0.0994873046875000000000000000000000000000000000000000000000000000000000
0.0283660888671875000000000000000000000000000000000000000000000000000000
-0.0323944091796875000000000000000000000000000000000000000000000000000000
0.0661315917968750000000000000000000000000000000000000000000000000000000
-0.0543670654296875000000000000000000000000000000000000000000000000000000
0.0637207031250000000000000000000000000000000000000000000000000000000000
-0.0502319335937500000000000000000000000000000000000000000000000000000000
-0.1509552001953125000000000000000000000000000000000000000000000000000000
-0.0538024902343750000000000000000000000000000000000000000000000000000000
0.0011901855468750000000000000000000000000000000000000000000000000000000
0.1169738769531250000000000000000000000000000000000000000000000000000000
-0.2616882324218750000000000000000000000000000000000000000000000000000000
0.0532073974609375000000000000000000000000000000000000000000000000000000
-0.0268554687500000000000000000000000000000000000000000000000000000000000
0.0070953369140625000000000000000000000000000000000000000000000000000000
-0.0420532226562500000000000000000000000000000000000000000000000000000000
-0.1269226074218750000000000000000000000000000000000000000000000000000000
-0.0905761718750000000000000000000000000000000000000000000000000000000000
0.1287841796875000000000000000000000000000000000000000000000000000000000
-0.1587524414062500000000000000000000000000000000000000000000000000000000
0.0339813232421875000000000000000000000000000000000000000000000000000000
-0.0564575195312500000000000000000000000000000000000000000000000000000000
0.0977935791015625000000000000000000000000000000000000000000000000000000
0.0696105957031250000000000000000000000000000000000000000000000000000000
-0.0267181396484375000000000000000000000000000000000000000000000000000000
-0.0395202636718750000000000000000000000000000000000000000000000000000000
0.0993499755859375000000000000000000000000000000000000000000000000000000
-0.1289825439453125000000000000000000000000000000000000000000000000000000
-0.1535797119140625000000000000000000000000000000000000000000000000000000
0.0450134277343750000000000000000000000000000000000000000000000000000000
0.0843048095703125000000000000000000000000000000000000000000000000000000
-0.0858917236328125000000000000000000000000000000000000000000000000000000
0.0000000000000000000000000000000000000000000000000000000000000000000000
0.0220642089843750000000000000000000000000000000000000000000000000000000
0.0075683593750000000000000000000000000000000000000000000000000000000000
0.0211791992187500000000000000000000000000000000000000000000000000000000
-0.0578002929687500000000000000000000000000000000000000000000000000000000
-0.0503692626953125000000000000000000000000000000000000000000000000000000
0.0529937744140625000000000000000000000000000000000000000000000000000000
0.0389862060546875000000000000000000000000000000000000000000000000000000
0.1866912841796875000000000000000000000000000000000000000000000000000000
-0.1055603027343750000000000000000000000000000000000000000000000000000000
0.0146789550781250000000000000000000000000000000000000000000000000000000
-0.0201568603515625000000000000000000000000000000000000000000000000000000
0.0320587158203125000000000000000000000000000000000000000000000000000000
0.2165222167968750000000000000000000000000000000000000000000000000000000
-0.0450744628906250000000000000000000000000000000000000000000000000000000
0.0163726806640625000000000000000000000000000000000000000000000000000000
-0.2021179199218750000000000000000000000000000000000000000000000000000000
0.0441589355468750000000000000000000000000000000000000000000000000000000
0.1044921875000000000000000000000000000000000000000000000000000000000000
0.0371551513671875000000000000000000000000000000000000000000000000000000
-0.1773376464843750000000000000000000000000000000000000000000000000000000
0.0200195312500000000000000000000000000000000000000000000000000000000000
-0.1477050781250000000000000000000000000000000000000000000000000000000000
0.0000000000000000000000000000000000000000000000000000000000000000000000
-0.0678405761718750000000000000000000000000000000000000000000000000000000
-0.0994873046875000000000000000000000000000000000000000000000000000000000
-0.0414581298828125000000000000000000000000000000000000000000000000000000
-0.0297546386718750000000000000000000000000000000000000000000000000000000
0.0490722656250000000000000000000000000000000000000000000000000000000000
-0.0597839355468750000000000000000000000000000000000000000000000000000000
0.1139831542968750000000000000000000000000000000000000000000000000000000
-0.0721588134765625000000000000000000000000000000000000000000000000000000
-0.0378112792968750000000000000000000000000000000000000000000000000000000
0.1184692382812500000000000000000000000000000000000000000000000000000000
-0.0781250000000000000000000000000000000000000000000000000000000000000000
0.1138458251953125000000000000000000000000000000000000000000000000000000
-0.0649108886718750000000000000000000000000000000000000000000000000000000
0.0895843505859375000000000000000000000000000000000000000000000000000000
-0.0157012939453125000000000000000000000000000000000000000000000000000000
-0.0105133056640625000000000000000000000000000000000000000000000000000000
0.0364227294921875000000000000000000000000000000000000000000000000000000
-0.0472106933593750000000000000000000000000000000000000000000000000000000
0.0262298583984375000000000000000000000000000000000000000000000000000000
-0.0007476806640625000000000000000000000000000000000000000000000000000000
-0.0332794189453125000000000000000000000000000000000000000000000000000000
0.0267181396484375000000000000000000000000000000000000000000000000000000
0.0000000000000000000000000000000000000000000000000000000000000000000000
-0.0364227294921875000000000000000000000000000000000000000000000000000000
0.0392150878906250000000000000000000000000000000000000000000000000000000
-0.0028228759765625000000000000000000000000000000000000000000000000000000
-0.0397644042968750000000000000000000000000000000000000000000000000000000
0.0362548828125000000000000000000000000000000000000000000000000000000000
-0.0078277587890625000000000000000000000000000000000000000000000000000000
0.0061645507812500000000000000000000000000000000000000000000000000000000
0.0098419189453125000000000000000000000000000000000000000000000000000000
0.0804138183593750000000000000000000000000000000000000000000000000000000
0.0548400878906250000000000000000000000000000000000000000000000000000000
0.0373229980468750000000000000000000000000000000000000000000000000000000
0.0028381347656250000000000000000000000000000000000000000000000000000000
0.0480804443359375000000000000000000000000000000000000000000000000000000
0.0388641357421875000000000000000000000000000000000000000000000000000000
0.0150909423828125000000000000000000000000000000000000000000000000000000
0.0174865722656250000000000000000000000000000000000000000000000000000000
0.0393524169921875000000000000000000000000000000000000000000000000000000
-0.0264434814453125000000000000000000000000000000000000000000000000000000
0.0949401855468750000000000000000000000000000000000000000000000000000000
-0.0027465820312500000000000000000000000000000000000000000000000000000000
0.0090179443359375000000000000000000000000000000000000000000000000000000
-0.0026397705078125000000000000000000000000000000000000000000000000000000
-0.0353851318359375000000000000000000000000000000000000000000000000000000
-0.0959777832031250000000000000000000000000000000000000000000000000000000
0.0375366210937500000000000000000000000000000000000000000000000000000000
-0.0825500488281250000000000000000000000000000000000000000000000000000000
0.0285339355468750000000000000000000000000000000000000000000000000000000
-0.0765075683593750000000000000000000000000000000000000000000000000000000
0.0078735351562500000000000000000000000000000000000000000000000000000000
-0.0296020507812500000000000000000000000000000000000000000000000000000000
0.0749664306640625000000000000000000000000000000000000000000000000000000
0.0366058349609375000000000000000000000000000000000000000000000000000000
0.0654144287109375000000000000000000000000000000000000000000000000000000
0.1089935302734375000000000000000000000000000000000000000000000000000000
-0.1443634033203125000000000000000000000000000000000000000000000000000000
0.0657348632812500000000000000000000000000000000000000000000000000000000
-0.0337829589843750000000000000000000000000000000000000000000000000000000
0.0064849853515625000000000000000000000000000000000000000000000000000000
0.1125488281250000000000000000000000000000000000000000000000000000000000
-0.0721435546875000000000000000000000000000000000000000000000000000000000
-0.0590667724609375000000000000000000000000000000000000000000000000000000
0.0560302734375000000000000000000000000000000000000000000000000000000000
0.0108184814453125000000000000000000000000000000000000000000000000000000
-0.0908050537109375000000000000000000000000000000000000000000000000000000
0.0265197753906250000000000000000000000000000000000000000000000000000000
-0.0296020507812500000000000000000000000000000000000000000000000000000000
0.0380859375000000000000000000000000000000000000000000000000000000000000
-0.0489349365234375000000000000000000000000000000000000000000000000000000
-0.0309753417968750000000000000000000000000000000000000000000000000000000
-0.0290832519531250000000000000000000000000000000000000000000000000000000
-0.0884094238281250000000000000000000000000000000000000000000000000000000
-0.1136169433593750000000000000000000000000000000000000000000000000000000
-0.0108947753906250000000000000000000000000000000000000000000000000000000
0.2085876464843750000000000000000000000000000000000000000000000000000000
-0.0205688476562500000000000000000000000000000000000000000000000000000000
0.1660003662109375000000000000000000000000000000000000000000000000000000
-0.0657653808593750000000000000000000000000000000000000000000000000000000
0.0502929687500000000000000000000000000000000000000000000000000000000000
0.0148925781250000000000000000000000000000000000000000000000000000000000
0.0286407470703125000000000000000000000000000000000000000000000000000000
0.0000000000000000000000000000000000000000000000000000000000000000000000
-0.1051635742187500000000000000000000000000000000000000000000000000000000
0.1541595458984375000000000000000000000000000000000000000000000000000000
0.0013122558593750000000000000000000000000000000000000000000000000000000
-0.0048980712890625000000000000000000000000000000000000000000000000000000
-0.0537567138671875000000000000000000000000000000000000000000000000000000
0.0070953369140625000000000000000000000000000000000000000000000000000000
0.1068115234375000000000000000000000000000000000000000000000000000000000
-0.2800750732421875000000000000000000000000000000000000000000000000000000
0.0251922607421875000000000000000000000000000000000000000000000000000000
0.0491180419921875000000000000000000000000000000000000000000000000000000
-0.0765838623046875000000000000000000000000000000000000000000000000000000
0.0093994140625000000000000000000000000000000000000000000000000000000000
0.0535888671875000000000000000000000000000000000000000000000000000000000
-0.0910949707031250000000000000000000000000000000000000000000000000000000
0.0122985839843750000000000000000000000000000000000000000000000000000000
-0.0627136230468750000000000000000000000000000000000000000000000000000000
-0.0322418212890625000000000000000000000000000000000000000000000000000000
0.0236358642578125000000000000000000000000000000000000000000000000000000
0.0550842285156250000000000000000000000000000000000000000000000000000000
0.0754699707031250000000000000000000000000000000000000000000000000000000
-0.0375061035156250000000000000000000000000000000000000000000000000000000
0.0275878906250000000000000000000000000000000000000000000000000000000000
0.0000000000000000000000000000000000000000000000000000000000000000000000
0.0398101806640625000000000000000000000000000000000000000000000000000000
0.0348815917968750000000000000000000000000000000000000000000000000000000
-0.0227813720703125000000000000000000000000000000000000000000000000000000
0.0871887207031250000000000000000000000000000000000000000000000000000000
-0.1669311523437500000000000000000000000000000000000000000000000000000000
-0.0050659179687500000000000000000000000000000000000000000000000000000000
0.0119476318359375000000000000000000000000000000000000000000000000000000
0.3801269531250000000000000000000000000000000000000000000000000000000000
-0.0567016601562500000000000000000000000000000000000000000000000000000000
-0.0648651123046875000000000000000000000000000000000000000000000000000000
0.0721130371093750000000000000000000000000000000000000000000000000000000
-0.1636962890625000000000000000000000000000000000000000000000000000000000
0.0612487792968750000000000000000000000000000000000000000000000000000000
0.1135711669921875000000000000000000000000000000000000000000000000000000
0.0257568359375000000000000000000000000000000000000000000000000000000000
-0.0225830078125000000000000000000000000000000000000000000000000000000000
0.0159454345703125000000000000000000000000000000000000000000000000000000
0.0281677246093750000000000000000000000000000000000000000000000000000000
-0.0814208984375000000000000000000000000000000000000000000000000000000000
0.1648559570312500000000000000000000000000000000000000000000000000000000
-0.1199493408203125000000000000000000000000000000000000000000000000000000
-0.0388336181640625000000000000000000000000000000000000000000000000000000
0.0000000000000000000000000000000000000000000000000000000000000000000000
-0.1310424804687500000000000000000000000000000000000000000000000000000000
0.0357666015625000000000000000000000000000000000000000000000000000000000
0.0216064453125000000000000000000000000000000000000000000000000000000000
0.0269012451171875000000000000000000000000000000000000000000000000000000
-0.0399322509765625000000000000000000000000000000000000000000000000000000
-0.0922698974609375000000000000000000000000000000000000000000000000000000
0.1039733886718750000000000000000000000000000000000000000000000000000000
-0.0806121826171875000000000000000000000000000000000000000000000000000000
0.0362091064453125000000000000000000000000000000000000000000000000000000
-0.0580139160156250000000000000000000000000000000000000000000000000000000
0.0332336425781250000000000000000000000000000000000000000000000000000000
0.0116424560546875000000000000000000000000000000000000000000000000000000
-0.0410766601562500000000000000000000000000000000000000000000000000000000
0.0176849365234375000000000000000000000000000000000000000000000000000000
-0.0027008056640625000000000000000000000000000000000000000000000000000000
-0.0459594726562500000000000000000000000000000000000000000000000000000000
0.0780334472656250000000000000000000000000000000000000000000000000000000
0.0108642578125000000000000000000000000000000000000000000000000000000000
-0.0477142333984375000000000000000000000000000000000000000000000000000000
0.0276031494140625000000000000000000000000000000000000000000000000000000
0.0244903564453125000000000000000000000000000000000000000000000000000000
-0.0338592529296875000000000000000000000000000000000000000000000000000000
0.0000000000000000000000000000000000000000000000000000000000000000000000
-0.0671997070312500000000000000000000000000000000000000000000000000000000
-0.0906829833984375000000000000000000000000000000000000000000000000000000
-0.0442047119140625000000000000000000000000000000000000000000000000000000
-0.1035766601562500000000000000000000000000000000000000000000000000000000
-0.0077667236328125000000000000000000000000000000000000000000000000000000
-0.0612792968750000000000000000000000000000000000000000000000000000000000
0.0135192871093750000000000000000000000000000000000000000000000000000000
0.0064849853515625000000000000000000000000000000000000000000000000000000
-0.0474853515625000000000000000000000000000000000000000000000000000000000
-0.0891265869140625000000000000000000000000000000000000000000000000000000
-0.0561981201171875000000000000000000000000000000000000000000000000000000
-0.0668945312500000000000000000000000000000000000000000000000000000000000
-0.0483551025390625000000000000000000000000000000000000000000000000000000
-0.0349731445312500000000000000000000000000000000000000000000000000000000
-0.0196838378906250000000000000000000000000000000000000000000000000000000
-0.0365295410156250000000000000000000000000000000000000000000000000000000
-0.0924835205078125000000000000000000000000000000000000000000000000000000
0.0726776123046875000000000000000000000000000000000000000000000000000000
0.0247802734375000000000000000000000000000000000000000000000000000000000
-0.0062866210937500000000000000000000000000000000000000000000000000000000
-0.0441589355468750000000000000000000000000000000000000000000000000000000
0.0122985839843750000000000000000000000000000000000000000000000000000000
-0.1637115478515625000000000000000000000000000000000000000000000000000000
0.1459197998046875000000000000000000000000000000000000000000000000000000
-0.1449432373046875000000000000000000000000000000000000000000000000000000
0.0959930419921875000000000000000000000000000000000000000000000000000000
-0.0714569091796875000000000000000000000000000000000000000000000000000000
0.0381622314453125000000000000000000000000000000000000000000000000000000
-0.0681610107421875000000000000000000000000000000000000000000000000000000
0.0355682373046875000000000000000000000000000000000000000000000000000000
-0.0954895019531250000000000000000000000000000000000000000000000000000000
0.0240783691406250000000000000000000000000000000000000000000000000000000
-0.0097045898437500000000000000000000000000000000000000000000000000000000
-0.2044525146484375000000000000000000000000000000000000000000000000000000
-0.0316009521484375000000000000000000000000000000000000000000000000000000
0.0711669921875000000000000000000000000000000000000000000000000000000000
-0.0190887451171875000000000000000000000000000000000000000000000000000000
-0.0128936767578125000000000000000000000000000000000000000000000000000000
-0.0212097167968750000000000000000000000000000000000000000000000000000000
0.0441436767578125000000000000000000000000000000000000000000000000000000
-0.0828094482421875000000000000000000000000000000000000000000000000000000
0.0206604003906250000000000000000000000000000000000000000000000000000000
-0.0047149658203125000000000000000000000000000000000000000000000000000000
0.0779876708984375000000000000000000000000000000000000000000000000000000
0.1047363281250000000000000000000000000000000000000000000000000000000000
0.0391693115234375000000000000000000000000000000000000000000000000000000
-0.0919799804687500000000000000000000000000000000000000000000000000000000
-0.0492858886718750000000000000000000000000000000000000000000000000000000
-0.0704650878906250000000000000000000000000000000000000000000000000000000
-0.0970001220703125000000000000000000000000000000000000000000000000000000
-0.0399627685546875000000000000000000000000000000000000000000000000000000
0.1080932617187500000000000000000000000000000000000000000000000000000000
0.0205841064453125000000000000000000000000000000000000000000000000000000
-0.0375671386718750000000000000000000000000000000000000000000000000000000
-0.0469818115234375000000000000000000000000000000000000000000000000000000
0.0809631347656250000000000000000000000000000000000000000000000000000000
-0.0048980712890625000000000000000000000000000000000000000000000000000000
0.0707092285156250000000000000000000000000000000000000000000000000000000
-0.1738891601562500000000000000000000000000000000000000000000000000000000
-0.0206146240234375000000000000000000000000000000000000000000000000000000
0.0000000000000000000000000000000000000000000000000000000000000000000000
-0.0439300537109375000000000000000000000000000000000000000000000000000000
-0.0052947998046875000000000000000000000000000000000000000000000000000000
0.0646820068359375000000000000000000000000000000000000000000000000000000
-0.0202026367187500000000000000000000000000000000000000000000000000000000
-0.0635375976562500000000000000000000000000000000000000000000000000000000
0.0010528564453125000000000000000000000000000000000000000000000000000000
0.0025329589843750000000000000000000000000000000000000000000000000000000
0.0218811035156250000000000000000000000000000000000000000000000000000000
0.0547790527343750000000000000000000000000000000000000000000000000000000
-0.0271759033203125000000000000000000000000000000000000000000000000000000
-0.0523071289062500000000000000000000000000000000000000000000000000000000
-0.0863952636718750000000000000000000000000000000000000000000000000000000
0.0731353759765625000000000000000000000000000000000000000000000000000000
-0.0697479248046875000000000000000000000000000000000000000000000000000000
-0.0158996582031250000000000000000000000000000000000000000000000000000000
-0.0602874755859375000000000000000000000000000000000000000000000000000000
0.1344604492187500000000000000000000000000000000000000000000000000000000
-0.0968017578125000000000000000000000000000000000000000000000000000000000
-0.0122680664062500000000000000000000000000000000000000000000000000000000
0.0236663818359375000000000000000000000000000000000000000000000000000000
-0.0423431396484375000000000000000000000000000000000000000000000000000000
-0.0177001953125000000000000000000000000000000000000000000000000000000000
0.0000000000000000000000000000000000000000000000000000000000000000000000
-0.0502166748046875000000000000000000000000000000000000000000000000000000
-0.1265716552734375000000000000000000000000000000000000000000000000000000
0.0004272460937500000000000000000000000000000000000000000000000000000000
0.0946807861328125000000000000000000000000000000000000000000000000000000
-0.0006561279296875000000000000000000000000000000000000000000000000000000
0.0848846435546875000000000000000000000000000000000000000000000000000000
-0.0568695068359375000000000000000000000000000000000000000000000000000000
-0.1180572509765625000000000000000000000000000000000000000000000000000000
-0.1062316894531250000000000000000000000000000000000000000000000000000000
0.2069702148437500000000000000000000000000000000000000000000000000000000
-0.1432952880859375000000000000000000000000000000000000000000000000000000
-0.0315246582031250000000000000000000000000000000000000000000000000000000
0.0418090820312500000000000000000000000000000000000000000000000000000000
-0.0618896484375000000000000000000000000000000000000000000000000000000000
-0.0262756347656250000000000000000000000000000000000000000000000000000000
-0.0442047119140625000000000000000000000000000000000000000000000000000000
0.0626831054687500000000000000000000000000000000000000000000000000000000
-0.0680236816406250000000000000000000000000000000000000000000000000000000
-0.1034240722656250000000000000000000000000000000000000000000000000000000
0.1353607177734375000000000000000000000000000000000000000000000000000000
-0.0880889892578125000000000000000000000000000000000000000000000000000000
0.0458831787109375000000000000000000000000000000000000000000000000000000
