0.0000000000000000000000000000000000000000000000000000000000000000000000
0.0000000000000000000000000000000000000000000000000000000000000000000000
0.0040545887313783168792724609375000000000000000000000000000000000000000
0.0952940583229064941406250000000000000000000000000000000000000000000000
-0.0072709489613771438598632812500000000000000000000000000000000000000000
-0.0066008544526994228363037109375000000000000000000000000000000000000000
0.0200461111962795257568359375000000000000000000000000000000000000000000
-0.0137998657301068305969238281250000000000000000000000000000000000000000
-0.0035201739519834518432617187500000000000000000000000000000000000000000
-0.0067474073730409145355224609375000000000000000000000000000000000000000
-0.0774660557508468627929687500000000000000000000000000000000000000000000
-0.0124871535226702690124511718750000000000000000000000000000000000000000
0.0225927438586950302124023437500000000000000000000000000000000000000000
-0.0246947053819894790649414062500000000000000000000000000000000000000000
-0.0075585865415632724761962890625000000000000000000000000000000000000000
0.0346336141228675842285156250000000000000000000000000000000000000000000
-0.0264524687081575393676757812500000000000000000000000000000000000000000
0.0033628665842115879058837890625000000000000000000000000000000000000000
0.1483243256807327270507812500000000000000000000000000000000000000000000
-0.0383893549442291259765625000000000000000000000000000000000000000000000
0.0617458336055278778076171875000000000000000000000000000000000000000000
-0.0002763971860986202955245971679687500000000000000000000000000000000000
-0.0034097230527549982070922851562500000000000000000000000000000000000000
-0.0150590641424059867858886718750000000000000000000000000000000000000000
0.0038865932729095220565795898437500000000000000000000000000000000000000
0.0000000000000000000000000000000000000000000000000000000000000000000000
0.0088636092841625213623046875000000000000000000000000000000000000000000
-0.0125319380313158035278320312500000000000000000000000000000000000000000
0.0141123896464705467224121093750000000000000000000000000000000000000000
0.0610699504613876342773437500000000000000000000000000000000000000000000
0.0196101106703281402587890625000000000000000000000000000000000000000000
0.0372286587953567504882812500000000000000000000000000000000000000000000
-0.0127909975126385688781738281250000000000000000000000000000000000000000
0.1423211693763732910156250000000000000000000000000000000000000000000000
-0.1010862812399864196777343750000000000000000000000000000000000000000000
0.1242851316928863525390625000000000000000000000000000000000000000000000
-0.0825177282094955444335937500000000000000000000000000000000000000000000
0.0425254702568054199218750000000000000000000000000000000000000000000000
-0.0480044372379779815673828125000000000000000000000000000000000000000000
0.0113540086895227432250976562500000000000000000000000000000000000000000
-0.0191849730908870697021484375000000000000000000000000000000000000000000
-0.2046250998973846435546875000000000000000000000000000000000000000000000
0.1279412806034088134765625000000000000000000000000000000000000000000000
-0.0929022282361984252929687500000000000000000000000000000000000000000000
0.0352435372769832611083984375000000000000000000000000000000000000000000
-0.0476793348789215087890625000000000000000000000000000000000000000000000
0.0110388854518532752990722656250000000000000000000000000000000000000000
-0.0159309823065996170043945312500000000000000000000000000000000000000000
0.1344840675592422485351562500000000000000000000000000000000000000000000
-0.0907784029841423034667968750000000000000000000000000000000000000000000
-0.0066094635985791683197021484375000000000000000000000000000000000000000
0.1506879627704620361328125000000000000000000000000000000000000000000000
-0.0672999545931816101074218750000000000000000000000000000000000000000000
-0.0447279475629329681396484375000000000000000000000000000000000000000000
0.0902272090315818786621093750000000000000000000000000000000000000000000
0.0273512993007898330688476562500000000000000000000000000000000000000000
-0.0506131239235401153564453125000000000000000000000000000000000000000000
-0.0128262648358941078186035156250000000000000000000000000000000000000000
-0.0156080489978194236755371093750000000000000000000000000000000000000000
0.1096045002341270446777343750000000000000000000000000000000000000000000
-0.0470151491463184356689453125000000000000000000000000000000000000000000
-0.1428392976522445678710937500000000000000000000000000000000000000000000
-0.0516527220606803894042968750000000000000000000000000000000000000000000
0.0015379559481516480445861816406250000000000000000000000000000000000000
-0.3028582930564880371093750000000000000000000000000000000000000000000000
0.0767404884099960327148437500000000000000000000000000000000000000000000
-0.0839770734310150146484375000000000000000000000000000000000000000000000
0.0476870201528072357177734375000000000000000000000000000000000000000000
-0.0085461782291531562805175781250000000000000000000000000000000000000000
-0.0313094556331634521484375000000000000000000000000000000000000000000000
-0.1126371845602989196777343750000000000000000000000000000000000000000000
-0.0880333557724952697753906250000000000000000000000000000000000000000000
-0.0367907658219337463378906250000000000000000000000000000000000000000000
-0.0876615419983863830566406250000000000000000000000000000000000000000000
-0.0372200943529605865478515625000000000000000000000000000000000000000000
-0.0375518202781677246093750000000000000000000000000000000000000000000000
0.1050219684839248657226562500000000000000000000000000000000000000000000
0.0692115798592567443847656250000000000000000000000000000000000000000000
-0.0287438351660966873168945312500000000000000000000000000000000000000000
0.0310655385255813598632812500000000000000000000000000000000000000000000
0.1370311528444290161132812500000000000000000000000000000000000000000000
-0.1411912590265274047851562500000000000000000000000000000000000000000000
-0.1692721247673034667968750000000000000000000000000000000000000000000000
0.0664105489850044250488281250000000000000000000000000000000000000000000
0.0924548208713531494140625000000000000000000000000000000000000000000000
-0.0925193503499031066894531250000000000000000000000000000000000000000000
0.0000000000000000000000000000000000000000000000000000000000000000000000
0.0348227061331272125244140625000000000000000000000000000000000000000000
-0.0372820608317852020263671875000000000000000000000000000000000000000000
0.0034499540925025939941406250000000000000000000000000000000000000000000
-0.0463891513645648956298828125000000000000000000000000000000000000000000
-0.0568852797150611877441406250000000000000000000000000000000000000000000
0.0512420907616615295410156250000000000000000000000000000000000000000000
0.0423342175781726837158203125000000000000000000000000000000000000000000
-0.0220547635108232498168945312500000000000000000000000000000000000000000
0.0140331089496612548828125000000000000000000000000000000000000000000000
0.0144411800429224967956542968750000000000000000000000000000000000000000
-0.0349790230393409729003906250000000000000000000000000000000000000000000
0.0438478402793407440185546875000000000000000000000000000000000000000000
0.2039919346570968627929687500000000000000000000000000000000000000000000
-0.0409004800021648406982421875000000000000000000000000000000000000000000
0.0161955505609512329101562500000000000000000000000000000000000000000000
-0.1273052245378494262695312500000000000000000000000000000000000000000000
0.0009946646168828010559082031250000000000000000000000000000000000000000
0.1106163114309310913085937500000000000000000000000000000000000000000000
0.0855119526386260986328125000000000000000000000000000000000000000000000
-0.1618458330631256103515625000000000000000000000000000000000000000000000
-0.0052545131184160709381103515625000000000000000000000000000000000000000
-0.1311172842979431152343750000000000000000000000000000000000000000000000
0.0000000000000000000000000000000000000000000000000000000000000000000000
-0.0900247916579246520996093750000000000000000000000000000000000000000000
-0.0573506653308868408203125000000000000000000000000000000000000000000000
-0.0543408431112766265869140625000000000000000000000000000000000000000000
-0.0399007126688957214355468750000000000000000000000000000000000000000000
0.0416379235684871673583984375000000000000000000000000000000000000000000
-0.0518291965126991271972656250000000000000000000000000000000000000000000
0.1129809319972991943359375000000000000000000000000000000000000000000000
-0.0634077861905097961425781250000000000000000000000000000000000000000000
-0.0606182776391506195068359375000000000000000000000000000000000000000000
0.1032576411962509155273437500000000000000000000000000000000000000000000
-0.0241357535123825073242187500000000000000000000000000000000000000000000
0.0815051868557929992675781250000000000000000000000000000000000000000000
-0.0666602849960327148437500000000000000000000000000000000000000000000000
0.0912891179323196411132812500000000000000000000000000000000000000000000
-0.0151945063844323158264160156250000000000000000000000000000000000000000
0.0211881399154663085937500000000000000000000000000000000000000000000000
0.0087381945922970771789550781250000000000000000000000000000000000000000
-0.0653590708971023559570312500000000000000000000000000000000000000000000
0.0308662224560976028442382812500000000000000000000000000000000000000000
0.0080720232799649238586425781250000000000000000000000000000000000000000
-0.0342987999320030212402343750000000000000000000000000000000000000000000
0.0260270852595567703247070312500000000000000000000000000000000000000000
0.0000000000000000000000000000000000000000000000000000000000000000000000
-0.0542971156537532806396484375000000000000000000000000000000000000000000
0.0640415400266647338867187500000000000000000000000000000000000000000000
0.0084911445155739784240722656250000000000000000000000000000000000000000
-0.0443376861512660980224609375000000000000000000000000000000000000000000
0.0350983850657939910888671875000000000000000000000000000000000000000000
-0.0062675736844539642333984375000000000000000000000000000000000000000000
0.0061732274480164051055908203125000000000000000000000000000000000000000
0.0413743853569030761718750000000000000000000000000000000000000000000000
0.0179153438657522201538085937500000000000000000000000000000000000000000
0.0601522177457809448242187500000000000000000000000000000000000000000000
0.0396886095404624938964843750000000000000000000000000000000000000000000
0.0383102446794509887695312500000000000000000000000000000000000000000000
0.0533671304583549499511718750000000000000000000000000000000000000000000
0.0352570787072181701660156250000000000000000000000000000000000000000000
0.0154514620080590248107910156250000000000000000000000000000000000000000
0.1126679703593254089355468750000000000000000000000000000000000000000000
0.0181948393583297729492187500000000000000000000000000000000000000000000
-0.0281960368156433105468750000000000000000000000000000000000000000000000
0.0904947519302368164062500000000000000000000000000000000000000000000000
0.0146051831543445587158203125000000000000000000000000000000000000000000
0.0110587356612086296081542968750000000000000000000000000000000000000000
0.0018925035838037729263305664062500000000000000000000000000000000000000
0.0601193830370903015136718750000000000000000000000000000000000000000000
-0.0047040618956089019775390625000000000000000000000000000000000000000000
0.0222988110035657882690429687500000000000000000000000000000000000000000
-0.1547739207744598388671875000000000000000000000000000000000000000000000
0.0901450514793395996093750000000000000000000000000000000000000000000000
-0.1018396243453025817871093750000000000000000000000000000000000000000000
0.0187807437032461166381835937500000000000000000000000000000000000000000
-0.0302418582141399383544921875000000000000000000000000000000000000000000
0.2730607986450195312500000000000000000000000000000000000000000000000000
-0.1095762401819229125976562500000000000000000000000000000000000000000000
0.1771791428327560424804687500000000000000000000000000000000000000000000
-0.0318180546164512634277343750000000000000000000000000000000000000000000
-0.0658394023776054382324218750000000000000000000000000000000000000000000
0.0285613592714071273803710937500000000000000000000000000000000000000000
-0.0158876981586217880249023437500000000000000000000000000000000000000000
0.0056816181167960166931152343750000000000000000000000000000000000000000
0.0614445134997367858886718750000000000000000000000000000000000000000000
-0.0265622343868017196655273437500000000000000000000000000000000000000000
0.0100872507318854331970214843750000000000000000000000000000000000000000
0.0664855465292930603027343750000000000000000000000000000000000000000000
0.0201526358723640441894531250000000000000000000000000000000000000000000
-0.0978775173425674438476562500000000000000000000000000000000000000000000
0.0241271015256643295288085937500000000000000000000000000000000000000000
-0.0153484325855970382690429687500000000000000000000000000000000000000000
0.1311187446117401123046875000000000000000000000000000000000000000000000
-0.0181708671152591705322265625000000000000000000000000000000000000000000
-0.0395681336522102355957031250000000000000000000000000000000000000000000
-0.0493401214480400085449218750000000000000000000000000000000000000000000
-0.0817144885659217834472656250000000000000000000000000000000000000000000
-0.1067461222410202026367187500000000000000000000000000000000000000000000
-0.0110280951485037803649902343750000000000000000000000000000000000000000
-0.0859359428286552429199218750000000000000000000000000000000000000000000
0.1226915791630744934082031250000000000000000000000000000000000000000000
0.1082081869244575500488281250000000000000000000000000000000000000000000
-0.0556905381381511688232421875000000000000000000000000000000000000000000
0.0642526671290397644042968750000000000000000000000000000000000000000000
0.0102135902270674705505371093750000000000000000000000000000000000000000
0.0284431558102369308471679687500000000000000000000000000000000000000000
0.0000000000000000000000000000000000000000000000000000000000000000000000
-0.0843830555677413940429687500000000000000000000000000000000000000000000
0.1343670040369033813476562500000000000000000000000000000000000000000000
0.0192272625863552093505859375000000000000000000000000000000000000000000
-0.0255398452281951904296875000000000000000000000000000000000000000000000
-0.0142940180376172065734863281250000000000000000000000000000000000000000
0.0025605554692447185516357421875000000000000000000000000000000000000000
0.1064533740282058715820312500000000000000000000000000000000000000000000
-0.1807021349668502807617187500000000000000000000000000000000000000000000
0.0197170060127973556518554687500000000000000000000000000000000000000000
0.0656208470463752746582031250000000000000000000000000000000000000000000
-0.0601640753448009490966796875000000000000000000000000000000000000000000
0.0171740204095840454101562500000000000000000000000000000000000000000000
0.0366455502808094024658203125000000000000000000000000000000000000000000
-0.1007604524493217468261718750000000000000000000000000000000000000000000
0.0130678499117493629455566406250000000000000000000000000000000000000000
-0.0105716371908783912658691406250000000000000000000000000000000000000000
-0.0467624515295028686523437500000000000000000000000000000000000000000000
0.0702140852808952331542968750000000000000000000000000000000000000000000
0.0497138835489749908447265625000000000000000000000000000000000000000000
0.0741493254899978637695312500000000000000000000000000000000000000000000
-0.0419000200927257537841796875000000000000000000000000000000000000000000
0.0255573634058237075805664062500000000000000000000000000000000000000000
0.0000000000000000000000000000000000000000000000000000000000000000000000
-0.0392389707267284393310546875000000000000000000000000000000000000000000
-0.0897264629602432250976562500000000000000000000000000000000000000000000
0.1676875352859497070312500000000000000000000000000000000000000000000000
-0.0544161312282085418701171875000000000000000000000000000000000000000000
-0.1015131175518035888671875000000000000000000000000000000000000000000000
-0.0357812382280826568603515625000000000000000000000000000000000000000000
0.0202086735516786575317382812500000000000000000000000000000000000000000
0.1846952438354492187500000000000000000000000000000000000000000000000000
0.0500205047428607940673828125000000000000000000000000000000000000000000
-0.0864834487438201904296875000000000000000000000000000000000000000000000
0.0991746112704277038574218750000000000000000000000000000000000000000000
-0.1999734491109848022460937500000000000000000000000000000000000000000000
0.0764353647828102111816406250000000000000000000000000000000000000000000
0.1162254139780998229980468750000000000000000000000000000000000000000000
0.0257744211703538894653320312500000000000000000000000000000000000000000
0.0187099296599626541137695312500000000000000000000000000000000000000000
-0.0016051746206358075141906738281250000000000000000000000000000000000000
0.0175285562872886657714843750000000000000000000000000000000000000000000
-0.0582173839211463928222656250000000000000000000000000000000000000000000
0.1441834121942520141601562500000000000000000000000000000000000000000000
-0.1252393722534179687500000000000000000000000000000000000000000000000000
-0.0414893813431262969970703125000000000000000000000000000000000000000000
0.0000000000000000000000000000000000000000000000000000000000000000000000
-0.0507589541375637054443359375000000000000000000000000000000000000000000
0.0517606772482395172119140625000000000000000000000000000000000000000000
0.0088019128888845443725585937500000000000000000000000000000000000000000
0.0113370278850197792053222656250000000000000000000000000000000000000000
-0.0508278273046016693115234375000000000000000000000000000000000000000000
-0.0885205492377281188964843750000000000000000000000000000000000000000000
0.1035178378224372863769531250000000000000000000000000000000000000000000
-0.0646721348166465759277343750000000000000000000000000000000000000000000
0.0293488409370183944702148437500000000000000000000000000000000000000000
-0.0317856930196285247802734375000000000000000000000000000000000000000000
0.0317464955151081085205078125000000000000000000000000000000000000000000
0.0170953962951898574829101562500000000000000000000000000000000000000000
-0.0356336757540702819824218750000000000000000000000000000000000000000000
0.0186549834907054901123046875000000000000000000000000000000000000000000
-0.0023188372142612934112548828125000000000000000000000000000000000000000
-0.0835896208882331848144531250000000000000000000000000000000000000000000
0.0526540242135524749755859375000000000000000000000000000000000000000000
0.0318248867988586425781250000000000000000000000000000000000000000000000
-0.0491748750209808349609375000000000000000000000000000000000000000000000
0.0251048319041728973388671875000000000000000000000000000000000000000000
0.0236957892775535583496093750000000000000000000000000000000000000000000
-0.0346464477479457855224609375000000000000000000000000000000000000000000
0.0000000000000000000000000000000000000000000000000000000000000000000000
-0.0564158260822296142578125000000000000000000000000000000000000000000000
-0.0822121351957321166992187500000000000000000000000000000000000000000000
-0.0069741550832986831665039062500000000000000000000000000000000000000000
-0.0765147879719734191894531250000000000000000000000000000000000000000000
-0.0224178917706012725830078125000000000000000000000000000000000000000000
-0.0580718442797660827636718750000000000000000000000000000000000000000000
0.0125080598518252372741699218750000000000000000000000000000000000000000
-0.1725136786699295043945312500000000000000000000000000000000000000000000
-0.0642299354076385498046875000000000000000000000000000000000000000000000
-0.0728023797273635864257812500000000000000000000000000000000000000000000
-0.0470310226082801818847656250000000000000000000000000000000000000000000
-0.0700942352414131164550781250000000000000000000000000000000000000000000
-0.0709572732448577880859375000000000000000000000000000000000000000000000
-0.0367029234766960144042968750000000000000000000000000000000000000000000
-0.0199789218604564666748046875000000000000000000000000000000000000000000
-0.1024276316165924072265625000000000000000000000000000000000000000000000
0.0701090097427368164062500000000000000000000000000000000000000000000000
-0.1068174242973327636718750000000000000000000000000000000000000000000000
0.1403349637985229492187500000000000000000000000000000000000000000000000
-0.0888121649622917175292968750000000000000000000000000000000000000000000
-0.0179049149155616760253906250000000000000000000000000000000000000000000
0.0005041470285505056381225585937500000000000000000000000000000000000000
0.1747727245092391967773437500000000000000000000000000000000000000000000
-0.0398477315902709960937500000000000000000000000000000000000000000000000
-0.0289652645587921142578125000000000000000000000000000000000000000000000
0.0456089638173580169677734375000000000000000000000000000000000000000000
-0.0426934808492660522460937500000000000000000000000000000000000000000000
0.0064786756411194801330566406250000000000000000000000000000000000000000
-0.0594975464046001434326171875000000000000000000000000000000000000000000
0.0333198159933090209960937500000000000000000000000000000000000000000000
-0.0957771241664886474609375000000000000000000000000000000000000000000000
0.0708705931901931762695312500000000000000000000000000000000000000000000
-0.0296905301511287689208984375000000000000000000000000000000000000000000
-0.1713443696498870849609375000000000000000000000000000000000000000000000
-0.0391214825212955474853515625000000000000000000000000000000000000000000
0.0644149333238601684570312500000000000000000000000000000000000000000000
-0.0148900328204035758972167968750000000000000000000000000000000000000000
-0.0127168782055377960205078125000000000000000000000000000000000000000000
-0.0394843369722366333007812500000000000000000000000000000000000000000000
0.0638691484928131103515625000000000000000000000000000000000000000000000
-0.0724796503782272338867187500000000000000000000000000000000000000000000
0.0008254500571638345718383789062500000000000000000000000000000000000000
-0.0159503798931837081909179687500000000000000000000000000000000000000000
0.0800676643848419189453125000000000000000000000000000000000000000000000
0.1074083819985389709472656250000000000000000000000000000000000000000000
0.1100021824240684509277343750000000000000000000000000000000000000000000
-0.1619890183210372924804687500000000000000000000000000000000000000000000
0.0011214896803721785545349121093750000000000000000000000000000000000000
-0.1313653439283370971679687500000000000000000000000000000000000000000000
-0.0288307685405015945434570312500000000000000000000000000000000000000000
-0.1233042478561401367187500000000000000000000000000000000000000000000000
0.1548683047294616699218750000000000000000000000000000000000000000000000
0.0211523976176977157592773437500000000000000000000000000000000000000000
0.0653459653258323669433593750000000000000000000000000000000000000000000
-0.0015310749877244234085083007812500000000000000000000000000000000000000
0.0546889230608940124511718750000000000000000000000000000000000000000000
0.0543735772371292114257812500000000000000000000000000000000000000000000
0.0235048308968544006347656250000000000000000000000000000000000000000000
-0.1435435116291046142578125000000000000000000000000000000000000000000000
-0.0310291368514299392700195312500000000000000000000000000000000000000000
0.0000000000000000000000000000000000000000000000000000000000000000000000
0.0341273210942745208740234375000000000000000000000000000000000000000000
-0.0131468400359153747558593750000000000000000000000000000000000000000000
0.0562837235629558563232421875000000000000000000000000000000000000000000
-0.0437132753431797027587890625000000000000000000000000000000000000000000
-0.0535362549126148223876953125000000000000000000000000000000000000000000
-0.0046407161280512809753417968750000000000000000000000000000000000000000
0.0015338337980210781097412109375000000000000000000000000000000000000000
0.0099770678207278251647949218750000000000000000000000000000000000000000
0.0333410501480102539062500000000000000000000000000000000000000000000000
-0.0168631039559841156005859375000000000000000000000000000000000000000000
-0.0411101877689361572265625000000000000000000000000000000000000000000000
-0.0656378418207168579101562500000000000000000000000000000000000000000000
0.0742855668067932128906250000000000000000000000000000000000000000000000
-0.0681461840867996215820312500000000000000000000000000000000000000000000
-0.0156545154750347137451171875000000000000000000000000000000000000000000
-0.0936015099287033081054687500000000000000000000000000000000000000000000
0.2107272744178771972656250000000000000000000000000000000000000000000000
-0.1897207200527191162109375000000000000000000000000000000000000000000000
0.1194818913936614990234375000000000000000000000000000000000000000000000
-0.0747807696461677551269531250000000000000000000000000000000000000000000
0.0239579640328884124755859375000000000000000000000000000000000000000000
-0.0394730381667613983154296875000000000000000000000000000000000000000000
0.0000000000000000000000000000000000000000000000000000000000000000000000
-0.1377929896116256713867187500000000000000000000000000000000000000000000
-0.0814755931496620178222656250000000000000000000000000000000000000000000
0.0244106203317642211914062500000000000000000000000000000000000000000000
0.0105344327166676521301269531250000000000000000000000000000000000000000
0.0717552006244659423828125000000000000000000000000000000000000000000000
0.0629073828458786010742187500000000000000000000000000000000000000000000
-0.0534969009459018707275390625000000000000000000000000000000000000000000
-0.0453390851616859436035156250000000000000000000000000000000000000000000
-0.1001122742891311645507812500000000000000000000000000000000000000000000
0.2507706284523010253906250000000000000000000000000000000000000000000000
-0.1513216942548751831054687500000000000000000000000000000000000000000000
-0.0487596876919269561767578125000000000000000000000000000000000000000000
0.0406530983746051788330078125000000000000000000000000000000000000000000
-0.0593738779425621032714843750000000000000000000000000000000000000000000
-0.0267500672489404678344726562500000000000000000000000000000000000000000
-0.0903390273451805114746093750000000000000000000000000000000000000000000
0.0302781965583562850952148437500000000000000000000000000000000000000000
-0.0888364315032958984375000000000000000000000000000000000000000000000000
-0.1002698093652725219726562500000000000000000000000000000000000000000000
0.1331059485673904418945312500000000000000000000000000000000000000000000
-0.0889140516519546508789062500000000000000000000000000000000000000000000
0.0464962050318717956542968750000000000000000000000000000000000000000000
0.0000000000000000000000000000000000000000000000000000000000000000000000
-0.0064765061251819133758544921875000000000000000000000000000000000000000
0.0042857788503170013427734375000000000000000000000000000000000000000000
-0.0159635674208402633666992187500000000000000000000000000000000000000000
0.0116562321782112121582031250000000000000000000000000000000000000000000
-0.0254968348890542984008789062500000000000000000000000000000000000000000
-0.0044133025221526622772216796875000000000000000000000000000000000000000
-0.0066212620586156845092773437500000000000000000000000000000000000000000
-0.0455392822623252868652343750000000000000000000000000000000000000000000
0.0224422235041856765747070312500000000000000000000000000000000000000000
0.0217571500688791275024414062500000000000000000000000000000000000000000
-0.0298332329839468002319335937500000000000000000000000000000000000000000
-0.0065839635208249092102050781250000000000000000000000000000000000000000
0.0322913639247417449951171875000000000000000000000000000000000000000000
-0.0270333234220743179321289062500000000000000000000000000000000000000000
0.0033880728296935558319091796875000000000000000000000000000000000000000
0.0855168178677558898925781250000000000000000000000000000000000000000000
0.0120974062010645866394042968750000000000000000000000000000000000000000
0.1128527596592903137207031250000000000000000000000000000000000000000000
0.0151851801201701164245605468750000000000000000000000000000000000000000
-0.0011043879203498363494873046875000000000000000000000000000000000000000
-0.0161783657968044281005859375000000000000000000000000000000000000000000
0.0042400760576128959655761718750000000000000000000000000000000000000000
0.0000000000000000000000000000000000000000000000000000000000000000000000
0.0855763927102088928222656250000000000000000000000000000000000000000000
0.0695564672350883483886718750000000000000000000000000000000000000000000
0.0230492874979972839355468750000000000000000000000000000000000000000000
0.0835003480315208435058593750000000000000000000000000000000000000000000
0.0150141548365354537963867187500000000000000000000000000000000000000000
0.0386339426040649414062500000000000000000000000000000000000000000000000
-0.0128413466736674308776855468750000000000000000000000000000000000000000
-0.0055231614969670772552490234375000000000000000000000000000000000000000
-0.0515774711966514587402343750000000000000000000000000000000000000000000
0.0313710793852806091308593750000000000000000000000000000000000000000000
-0.0159080289304256439208984375000000000000000000000000000000000000000000
0.0588666796684265136718750000000000000000000000000000000000000000000000
-0.0760382637381553649902343750000000000000000000000000000000000000000000
0.0158372297883033752441406250000000000000000000000000000000000000000000
-0.0194833632558584213256835937500000000000000000000000000000000000000000
-0.0608703121542930603027343750000000000000000000000000000000000000000000
0.0291236862540245056152343750000000000000000000000000000000000000000000
-0.0337585173547267913818359375000000000000000000000000000000000000000000
-0.0121407322585582733154296875000000000000000000000000000000000000000000
-0.0378548614680767059326171875000000000000000000000000000000000000000000
0.0127348816022276878356933593750000000000000000000000000000000000000000
-0.0190556626766920089721679687500000000000000000000000000000000000000000
0.1526504307985305786132812500000000000000000000000000000000000000000000
-0.0623815283179283142089843750000000000000000000000000000000000000000000
-0.0177760124206542968750000000000000000000000000000000000000000000000000
0.2048385888338088989257812500000000000000000000000000000000000000000000
-0.0298731084913015365600585937500000000000000000000000000000000000000000
-0.0328076519072055816650390625000000000000000000000000000000000000000000
0.0999087914824485778808593750000000000000000000000000000000000000000000
0.0284148305654525756835937500000000000000000000000000000000000000000000
-0.0328644029796123504638671875000000000000000000000000000000000000000000
0.0668310075998306274414062500000000000000000000000000000000000000000000
-0.0550194196403026580810546875000000000000000000000000000000000000000000
0.0641649439930915832519531250000000000000000000000000000000000000000000
-0.0505163706839084625244140625000000000000000000000000000000000000000000
-0.1506537199020385742187500000000000000000000000000000000000000000000000
-0.0535189583897590637207031250000000000000000000000000000000000000000000
0.0010946505935862660408020019531250000000000000000000000000000000000000
0.1165003776550292968750000000000000000000000000000000000000000000000000
-0.2600637674331665039062500000000000000000000000000000000000000000000000
0.0529810748994350433349609375000000000000000000000000000000000000000000
-0.0269713606685400009155273437500000000000000000000000000000000000000000
0.0073977299034595489501953125000000000000000000000000000000000000000000
-0.0422875471413135528564453125000000000000000000000000000000000000000000
-0.1272226125001907348632812500000000000000000000000000000000000000000000
-0.0896423310041427612304687500000000000000000000000000000000000000000000
0.1284404695034027099609375000000000000000000000000000000000000000000000
-0.1587917953729629516601562500000000000000000000000000000000000000000000
0.0340876579284667968750000000000000000000000000000000000000000000000000
-0.0568729899823665618896484375000000000000000000000000000000000000000000
0.0970940589904785156250000000000000000000000000000000000000000000000000
0.0699623152613639831542968750000000000000000000000000000000000000000000
-0.0267440732568502426147460937500000000000000000000000000000000000000000
-0.0402615033090114593505859375000000000000000000000000000000000000000000
0.0999176874756813049316406250000000000000000000000000000000000000000000
-0.1296017467975616455078125000000000000000000000000000000000000000000000
-0.1535158455371856689453125000000000000000000000000000000000000000000000
0.0448473021388053894042968750000000000000000000000000000000000000000000
0.0851766243577003479003906250000000000000000000000000000000000000000000
-0.0861007422208786010742187500000000000000000000000000000000000000000000
0.0000000000000000000000000000000000000000000000000000000000000000000000
0.0221911575645208358764648437500000000000000000000000000000000000000000
0.0079117855057120323181152343750000000000000000000000000000000000000000
0.0213482100516557693481445312500000000000000000000000000000000000000000
-0.0586295574903488159179687500000000000000000000000000000000000000000000
-0.0512869730591773986816406250000000000000000000000000000000000000000000
0.0533520914614200592041015625000000000000000000000000000000000000000000
0.0385039970278739929199218750000000000000000000000000000000000000000000
0.1869964897632598876953125000000000000000000000000000000000000000000000
-0.1059966906905174255371093750000000000000000000000000000000000000000000
0.0153344497084617614746093750000000000000000000000000000000000000000000
-0.0200484078377485275268554687500000000000000000000000000000000000000000
0.0319266468286514282226562500000000000000000000000000000000000000000000
0.2165918797254562377929687500000000000000000000000000000000000000000000
-0.0454563647508621215820312500000000000000000000000000000000000000000000
0.0164328552782535552978515625000000000000000000000000000000000000000000
-0.2020325362682342529296875000000000000000000000000000000000000000000000
0.0448219329118728637695312500000000000000000000000000000000000000000000
0.1047177165746688842773437500000000000000000000000000000000000000000000
0.0371612533926963806152343750000000000000000000000000000000000000000000
-0.1765046417713165283203125000000000000000000000000000000000000000000000
0.0200829487293958663940429687500000000000000000000000000000000000000000
-0.1477982997894287109375000000000000000000000000000000000000000000000000
0.0000000000000000000000000000000000000000000000000000000000000000000000
-0.0673018693923950195312500000000000000000000000000000000000000000000000
-0.0994452089071273803710937500000000000000000000000000000000000000000000
-0.0418476946651935577392578125000000000000000000000000000000000000000000
-0.0297320224344730377197265625000000000000000000000000000000000000000000
0.0494537204504013061523437500000000000000000000000000000000000000000000
-0.0593695305287837982177734375000000000000000000000000000000000000000000
0.1144571751356124877929687500000000000000000000000000000000000000000000
-0.0718853920698165893554687500000000000000000000000000000000000000000000
-0.0375819019973278045654296875000000000000000000000000000000000000000000
0.1182234063744544982910156250000000000000000000000000000000000000000000
-0.0781557261943817138671875000000000000000000000000000000000000000000000
0.1137506365776062011718750000000000000000000000000000000000000000000000
-0.0656908303499221801757812500000000000000000000000000000000000000000000
0.0903246626257896423339843750000000000000000000000000000000000000000000
-0.0154094714671373367309570312500000000000000000000000000000000000000000
-0.0101715484634041786193847656250000000000000000000000000000000000000000
0.0365941226482391357421875000000000000000000000000000000000000000000000
-0.0471896156668663024902343750000000000000000000000000000000000000000000
0.0255925375968217849731445312500000000000000000000000000000000000000000
-0.0010578004876151680946350097656250000000000000000000000000000000000000
-0.0335146859288215637207031250000000000000000000000000000000000000000000
0.0272508095949888229370117187500000000000000000000000000000000000000000
0.0000000000000000000000000000000000000000000000000000000000000000000000
-0.0363324619829654693603515625000000000000000000000000000000000000000000
0.0392924174666404724121093750000000000000000000000000000000000000000000
-0.0028996414039283990859985351562500000000000000000000000000000000000000
-0.0395575948059558868408203125000000000000000000000000000000000000000000
0.0369641333818435668945312500000000000000000000000000000000000000000000
-0.0080390907824039459228515625000000000000000000000000000000000000000000
0.0061967303045094013214111328125000000000000000000000000000000000000000
0.0090006040409207344055175781250000000000000000000000000000000000000000
0.0802548602223396301269531250000000000000000000000000000000000000000000
0.0556470490992069244384765625000000000000000000000000000000000000000000
0.0373158082365989685058593750000000000000000000000000000000000000000000
0.0026702305767685174942016601562500000000000000000000000000000000000000
0.0487472712993621826171875000000000000000000000000000000000000000000000
0.0388884283602237701416015625000000000000000000000000000000000000000000
0.0150545835494995117187500000000000000000000000000000000000000000000000
0.0176050327718257904052734375000000000000000000000000000000000000000000
0.0400339923799037933349609375000000000000000000000000000000000000000000
-0.0255584307014942169189453125000000000000000000000000000000000000000000
0.0952353626489639282226562500000000000000000000000000000000000000000000
-0.0026378261391073465347290039062500000000000000000000000000000000000000
0.0095301987603306770324707031250000000000000000000000000000000000000000
-0.0027322911191731691360473632812500000000000000000000000000000000000000
-0.0362812727689743041992187500000000000000000000000000000000000000000000
-0.0960360020399093627929687500000000000000000000000000000000000000000000
0.0380557626485824584960937500000000000000000000000000000000000000000000
-0.0830226764082908630371093750000000000000000000000000000000000000000000
0.0284739080816507339477539062500000000000000000000000000000000000000000
-0.0764363855123519897460937500000000000000000000000000000000000000000000
0.0074514388106763362884521484375000000000000000000000000000000000000000
-0.0301024261862039566040039062500000000000000000000000000000000000000000
0.0755910202860832214355468750000000000000000000000000000000000000000000
0.0365705043077468872070312500000000000000000000000000000000000000000000
0.0656903088092803955078125000000000000000000000000000000000000000000000
0.1093809232115745544433593750000000000000000000000000000000000000000000
-0.1432085782289505004882812500000000000000000000000000000000000000000000
0.0663002803921699523925781250000000000000000000000000000000000000000000
-0.0338705480098724365234375000000000000000000000000000000000000000000000
0.0061010695062577724456787109375000000000000000000000000000000000000000
0.1136619746685028076171875000000000000000000000000000000000000000000000
-0.0725526437163352966308593750000000000000000000000000000000000000000000
-0.0581690408289432525634765625000000000000000000000000000000000000000000
0.0563569813966751098632812500000000000000000000000000000000000000000000
0.0116086406633257865905761718750000000000000000000000000000000000000000
-0.0908573195338249206542968750000000000000000000000000000000000000000000
0.0268290955573320388793945312500000000000000000000000000000000000000000
-0.0301759373396635055541992187500000000000000000000000000000000000000000
0.0375342816114425659179687500000000000000000000000000000000000000000000
-0.0487027317285537719726562500000000000000000000000000000000000000000000
-0.0305714085698127746582031250000000000000000000000000000000000000000000
-0.0285553075373172760009765625000000000000000000000000000000000000000000
-0.0883142948150634765625000000000000000000000000000000000000000000000000
-0.1126248314976692199707031250000000000000000000000000000000000000000000
-0.0110868737101554870605468750000000000000000000000000000000000000000000
0.2088649123907089233398437500000000000000000000000000000000000000000000
-0.0212238430976867675781250000000000000000000000000000000000000000000000
0.1658838391304016113281250000000000000000000000000000000000000000000000
-0.0653486475348472595214843750000000000000000000000000000000000000000000
0.0504564568400382995605468750000000000000000000000000000000000000000000
0.0147564634680747985839843750000000000000000000000000000000000000000000
0.0288555994629859924316406250000000000000000000000000000000000000000000
0.0000000000000000000000000000000000000000000000000000000000000000000000
-0.1051773577928543090820312500000000000000000000000000000000000000000000
0.1548420190811157226562500000000000000000000000000000000000000000000000
0.0014561845455318689346313476562500000000000000000000000000000000000000
-0.0050092171877622604370117187500000000000000000000000000000000000000000
-0.0551511310040950775146484375000000000000000000000000000000000000000000
0.0073793712072074413299560546875000000000000000000000000000000000000000
0.1069749742746353149414062500000000000000000000000000000000000000000000
-0.2807220220565795898437500000000000000000000000000000000000000000000000
0.0255898106843233108520507812500000000000000000000000000000000000000000
0.0493932217359542846679687500000000000000000000000000000000000000000000
-0.0759686082601547241210937500000000000000000000000000000000000000000000
0.0099696004763245582580566406250000000000000000000000000000000000000000
0.0539854392409324645996093750000000000000000000000000000000000000000000
-0.0904838964343070983886718750000000000000000000000000000000000000000000
0.0123545872047543525695800781250000000000000000000000000000000000000000
-0.0623510554432868957519531250000000000000000000000000000000000000000000
-0.0323391109704971313476562500000000000000000000000000000000000000000000
0.0242518838495016098022460937500000000000000000000000000000000000000000
0.0553868412971496582031250000000000000000000000000000000000000000000000
0.0751586034893989562988281250000000000000000000000000000000000000000000
-0.0369555205106735229492187500000000000000000000000000000000000000000000
0.0283491015434265136718750000000000000000000000000000000000000000000000
0.0000000000000000000000000000000000000000000000000000000000000000000000
0.0406496673822402954101562500000000000000000000000000000000000000000000
0.0357822217047214508056640625000000000000000000000000000000000000000000
-0.0222231298685073852539062500000000000000000000000000000000000000000000
0.0867930278182029724121093750000000000000000000000000000000000000000000
-0.1671686321496963500976562500000000000000000000000000000000000000000000
-0.0055566835217177867889404296875000000000000000000000000000000000000000
0.0116367600858211517333984375000000000000000000000000000000000000000000
0.3797548413276672363281250000000000000000000000000000000000000000000000
-0.0568706505000591278076171875000000000000000000000000000000000000000000
-0.0645424425601959228515625000000000000000000000000000000000000000000000
0.0715262219309806823730468750000000000000000000000000000000000000000000
-0.1640938222408294677734375000000000000000000000000000000000000000000000
0.0604762919247150421142578125000000000000000000000000000000000000000000
0.1137103363871574401855468750000000000000000000000000000000000000000000
0.0254580304026603698730468750000000000000000000000000000000000000000000
-0.0219578593969345092773437500000000000000000000000000000000000000000000
0.0160064771771430969238281250000000000000000000000000000000000000000000
0.0279243253171443939208984375000000000000000000000000000000000000000000
-0.0824159607291221618652343750000000000000000000000000000000000000000000
0.1639091074466705322265625000000000000000000000000000000000000000000000
-0.1192348152399063110351562500000000000000000000000000000000000000000000
-0.0377497747540473937988281250000000000000000000000000000000000000000000
0.0000000000000000000000000000000000000000000000000000000000000000000000
-0.1311954408884048461914062500000000000000000000000000000000000000000000
0.0365703925490379333496093750000000000000000000000000000000000000000000
0.0216326825320720672607421875000000000000000000000000000000000000000000
0.0266558118164539337158203125000000000000000000000000000000000000000000
-0.0396685972809791564941406250000000000000000000000000000000000000000000
-0.0917114242911338806152343750000000000000000000000000000000000000000000
0.1045056134462356567382812500000000000000000000000000000000000000000000
-0.0796656459569931030273437500000000000000000000000000000000000000000000
0.0362609922885894775390625000000000000000000000000000000000000000000000
-0.0573693104088306427001953125000000000000000000000000000000000000000000
0.0328053236007690429687500000000000000000000000000000000000000000000000
0.0112422732636332511901855468750000000000000000000000000000000000000000
-0.0412012934684753417968750000000000000000000000000000000000000000000000
0.0166198648512363433837890625000000000000000000000000000000000000000000
-0.0023944647982716560363769531250000000000000000000000000000000000000000
-0.0465539470314979553222656250000000000000000000000000000000000000000000
0.0780721604824066162109375000000000000000000000000000000000000000000000
0.0112144621089100837707519531250000000000000000000000000000000000000000
-0.0486445017158985137939453125000000000000000000000000000000000000000000
0.0274328254163265228271484375000000000000000000000000000000000000000000
0.0248638931661844253540039062500000000000000000000000000000000000000000
-0.0348327271640300750732421875000000000000000000000000000000000000000000
0.0000000000000000000000000000000000000000000000000000000000000000000000
-0.0668141469359397888183593750000000000000000000000000000000000000000000
-0.0900427773594856262207031250000000000000000000000000000000000000000000
-0.0435137264430522918701171875000000000000000000000000000000000000000000
-0.1030018702149391174316406250000000000000000000000000000000000000000000
-0.0069073606282472610473632812500000000000000000000000000000000000000000
-0.0618051588535308837890625000000000000000000000000000000000000000000000
0.0138308396562933921813964843750000000000000000000000000000000000000000
0.0076072351075708866119384765625000000000000000000000000000000000000000
-0.0464509762823581695556640625000000000000000000000000000000000000000000
-0.0893794596195220947265625000000000000000000000000000000000000000000000
-0.0556548051536083221435546875000000000000000000000000000000000000000000
-0.0670033916831016540527343750000000000000000000000000000000000000000000
-0.0477221012115478515625000000000000000000000000000000000000000000000000
-0.0348927341401576995849609375000000000000000000000000000000000000000000
-0.0198495145887136459350585937500000000000000000000000000000000000000000
-0.0360992401838302612304687500000000000000000000000000000000000000000000
-0.0925427377223968505859375000000000000000000000000000000000000000000000
0.0733140707015991210937500000000000000000000000000000000000000000000000
0.0247801262885332107543945312500000000000000000000000000000000000000000
-0.0055259508080780506134033203125000000000000000000000000000000000000000
-0.0443423986434936523437500000000000000000000000000000000000000000000000
0.0126224271953105926513671875000000000000000000000000000000000000000000
-0.1637071520090103149414062500000000000000000000000000000000000000000000
0.1455481499433517456054687500000000000000000000000000000000000000000000
-0.1451251804828643798828125000000000000000000000000000000000000000000000
0.0962231606245040893554687500000000000000000000000000000000000000000000
-0.0711182504892349243164062500000000000000000000000000000000000000000000
0.0384316742420196533203125000000000000000000000000000000000000000000000
-0.0688613727688789367675781250000000000000000000000000000000000000000000
0.0352326855063438415527343750000000000000000000000000000000000000000000
-0.0955937728285789489746093750000000000000000000000000000000000000000000
0.0237835664302110671997070312500000000000000000000000000000000000000000
-0.0089393593370914459228515625000000000000000000000000000000000000000000
-0.2042042911052703857421875000000000000000000000000000000000000000000000
-0.0317911170423030853271484375000000000000000000000000000000000000000000
0.0717384889721870422363281250000000000000000000000000000000000000000000
-0.0187208577990531921386718750000000000000000000000000000000000000000000
-0.0127201620489358901977539062500000000000000000000000000000000000000000
-0.0202978234738111495971679687500000000000000000000000000000000000000000
0.0442214310169219970703125000000000000000000000000000000000000000000000
-0.0830228254199028015136718750000000000000000000000000000000000000000000
0.0221023652702569961547851562500000000000000000000000000000000000000000
-0.0053827911615371704101562500000000000000000000000000000000000000000000
0.0784643739461898803710937500000000000000000000000000000000000000000000
0.1052741631865501403808593750000000000000000000000000000000000000000000
0.0388761311769485473632812500000000000000000000000000000000000000000000
-0.0916760563850402832031250000000000000000000000000000000000000000000000
-0.0484068356454372406005859375000000000000000000000000000000000000000000
-0.0701965838670730590820312500000000000000000000000000000000000000000000
-0.0970357730984687805175781250000000000000000000000000000000000000000000
-0.0399104394018650054931640625000000000000000000000000000000000000000000
0.1077969595789909362792968750000000000000000000000000000000000000000000
0.0204970873892307281494140625000000000000000000000000000000000000000000
-0.0368657261133193969726562500000000000000000000000000000000000000000000
-0.0466351844370365142822265625000000000000000000000000000000000000000000
0.0808042734861373901367187500000000000000000000000000000000000000000000
-0.0038785031065344810485839843750000000000000000000000000000000000000000
0.0713074952363967895507812500000000000000000000000000000000000000000000
-0.1745352596044540405273437500000000000000000000000000000000000000000000
-0.0204981695860624313354492187500000000000000000000000000000000000000000
0.0000000000000000000000000000000000000000000000000000000000000000000000
-0.0430973991751670837402343750000000000000000000000000000000000000000000
-0.0056393421255052089691162109375000000000000000000000000000000000000000
0.0649120137095451354980468750000000000000000000000000000000000000000000
-0.0208777301013469696044921875000000000000000000000000000000000000000000
-0.0639764815568923950195312500000000000000000000000000000000000000000000
0.0017952821217477321624755859375000000000000000000000000000000000000000
0.0027181482873857021331787109375000000000000000000000000000000000000000
0.0219706073403358459472656250000000000000000000000000000000000000000000
0.0558788068592548370361328125000000000000000000000000000000000000000000
-0.0280593726783990859985351562500000000000000000000000000000000000000000
-0.0519625134766101837158203125000000000000000000000000000000000000000000
-0.0849875807762145996093750000000000000000000000000000000000000000000000
0.0726753547787666320800781250000000000000000000000000000000000000000000
-0.0697383657097816467285156250000000000000000000000000000000000000000000
-0.0156332645565271377563476562500000000000000000000000000000000000000000
-0.0602380298078060150146484375000000000000000000000000000000000000000000
0.1345173865556716918945312500000000000000000000000000000000000000000000
-0.0970166176557540893554687500000000000000000000000000000000000000000000
-0.0119765242561697959899902343750000000000000000000000000000000000000000
0.0236301664263010025024414062500000000000000000000000000000000000000000
-0.0422581285238265991210937500000000000000000000000000000000000000000000
-0.0177146885544061660766601562500000000000000000000000000000000000000000
0.0000000000000000000000000000000000000000000000000000000000000000000000
-0.0493512712419033050537109375000000000000000000000000000000000000000000
-0.1259836554527282714843750000000000000000000000000000000000000000000000
0.0007607322768308222293853759765625000000000000000000000000000000000000
0.0947263762354850769042968750000000000000000000000000000000000000000000
0.0004511009901762008666992187500000000000000000000000000000000000000000
0.0851307511329650878906250000000000000000000000000000000000000000000000
-0.0567589066922664642333984375000000000000000000000000000000000000000000
-0.1180411726236343383789062500000000000000000000000000000000000000000000
-0.1077813431620597839355468750000000000000000000000000000000000000000000
0.2063116431236267089843750000000000000000000000000000000000000000000000
-0.1426379084587097167968750000000000000000000000000000000000000000000000
-0.0316457562148571014404296875000000000000000000000000000000000000000000
0.0428347289562225341796875000000000000000000000000000000000000000000000
-0.0607950910925865173339843750000000000000000000000000000000000000000000
-0.0266286898404359817504882812500000000000000000000000000000000000000000
-0.0442096814513206481933593750000000000000000000000000000000000000000000
0.0634257867932319641113281250000000000000000000000000000000000000000000
-0.0678791478276252746582031250000000000000000000000000000000000000000000
-0.1026679277420043945312500000000000000000000000000000000000000000000000
0.1356967687606811523437500000000000000000000000000000000000000000000000
-0.0875972434878349304199218750000000000000000000000000000000000000000000
0.0469022914767265319824218750000000000000000000000000000000000000000000
